3.5.2 (v3.5.2:4def2a2901a5, Jun 25 2016, 22:01:18) [MSC v.1900 32 bit (Intel)]
Python Type "help", "copyright", "credits" or "license" for more information.
[evaluate csc102_lab12_ticketssale.py]
Minute: 1
Customers: [4]
Tickets left: 197

Minute: 2
Customers: [4, 2, 3]
Tickets left: 193

Minute: 3
Customers: [2, 3, 1, 2]
Tickets left: 189

Minute: 4
Customers: [3, 1, 2, 3, 4]
Tickets left: 187

Minute: 5
Customers: [1, 2, 3, 4, 2, 2]
Tickets left: 184

Minute: 6
Customers: [2, 3, 4, 2, 2, 2, 2]
Tickets left: 183

Minute: 7
Customers: [3, 4, 2, 2, 2, 2, 1, 2]
Tickets left: 181

Minute: 8
Customers: [4, 2, 2, 2, 2, 1, 2, 1, 3]
Tickets left: 178

Minute: 9
Customers: [2, 2, 2, 2, 1, 2, 1, 3, 4, 2]
Tickets left: 174

Minute: 10
Customers: [2, 2, 2, 1, 2, 1, 3, 4, 2, 2, 2]
Tickets left: 172

Minute: 11
Customers: [2, 2, 1, 2, 1, 3, 4, 2, 2, 2, 2, 2, 4]
Tickets left: 170

Minute: 12
Customers: [2, 1, 2, 1, 3, 4, 2, 2, 2, 2, 2, 4, 3, 2, 1]
Tickets left: 168

Minute: 13
Customers: [1, 2, 1, 3, 4, 2, 2, 2, 2, 2, 4, 3, 2, 1, 4, 2]
Tickets left: 166

Minute: 14
Customers: [2, 1, 3, 4, 2, 2, 2, 2, 2, 4, 3, 2, 1, 4, 2, 4, 3]
Tickets left: 165

Minute: 15
Customers: [1, 3, 4, 2, 2, 2, 2, 2, 4, 3, 2, 1, 4, 2, 4, 3, 1, 3]
Tickets left: 163

Minute: 16
Customers: [3, 4, 2, 2, 2, 2, 2, 4, 3, 2, 1, 4, 2, 4, 3, 1, 3, 3, 4]
Tickets left: 162

Minute: 17
Customers: [4, 2, 2, 2, 2, 2, 4, 3, 2, 1, 4, 2, 4, 3, 1, 3, 3, 4, 1, 1]
Tickets left: 159

Minute: 18
Customers: [2, 2, 2, 2, 2, 4, 3, 2, 1, 4, 2, 4, 3, 1, 3, 3, 4, 1, 1, 1, 3, 3]
Tickets left: 155

Minute: 19
Customers: [2, 2, 2, 2, 4, 3, 2, 1, 4, 2, 4, 3, 1, 3, 3, 4, 1, 1, 1, 3, 3, 2, 3]
Tickets left: 153

Minute: 20
Customers: [2, 2, 2, 4, 3, 2, 1, 4, 2, 4, 3, 1, 3, 3, 4, 1, 1, 1, 3, 3, 2, 3, 4, 2]
Tickets left: 151

Minute: 21
Customers: [2, 2, 4, 3, 2, 1, 4, 2, 4, 3, 1, 3, 3, 4, 1, 1, 1, 3, 3, 2, 3, 4, 2, 2, 3]
Tickets left: 149

Minute: 22
Customers: [2, 4, 3, 2, 1, 4, 2, 4, 3, 1, 3, 3, 4, 1, 1, 1, 3, 3, 2, 3, 4, 2, 2, 3, 2, 1, 3]
Tickets left: 147

Minute: 23
Customers: [4, 3, 2, 1, 4, 2, 4, 3, 1, 3, 3, 4, 1, 1, 1, 3, 3, 2, 3, 4, 2, 2, 3, 2, 1, 3, 2, 4]
Tickets left: 145

Minute: 24
Customers: [3, 2, 1, 4, 2, 4, 3, 1, 3, 3, 4, 1, 1, 1, 3, 3, 2, 3, 4, 2, 2, 3, 2, 1, 3, 2, 4, 1, 2, 1]
Tickets left: 141

Minute: 25
Customers: [2, 1, 4, 2, 4, 3, 1, 3, 3, 4, 1, 1, 1, 3, 3, 2, 3, 4, 2, 2, 3, 2, 1, 3, 2, 4, 1, 2, 1, 3, 1]
Tickets left: 138

Minute: 26
Customers: [1, 4, 2, 4, 3, 1, 3, 3, 4, 1, 1, 1, 3, 3, 2, 3, 4, 2, 2, 3, 2, 1, 3, 2, 4, 1, 2, 1, 3, 1, 1, 3, 4]
Tickets left: 136

Minute: 27
Customers: [4, 2, 4, 3, 1, 3, 3, 4, 1, 1, 1, 3, 3, 2, 3, 4, 2, 2, 3, 2, 1, 3, 2, 4, 1, 2, 1, 3, 1, 1, 3, 4, 3, 1]
Tickets left: 135

Minute: 28
Customers: [2, 4, 3, 1, 3, 3, 4, 1, 1, 1, 3, 3, 2, 3, 4, 2, 2, 3, 2, 1, 3, 2, 4, 1, 2, 1, 3, 1, 1, 3, 4, 3, 1, 2, 2, 2]
Tickets left: 131

Minute: 29
Customers: [4, 3, 1, 3, 3, 4, 1, 1, 1, 3, 3, 2, 3, 4, 2, 2, 3, 2, 1, 3, 2, 4, 1, 2, 1, 3, 1, 1, 3, 4, 3, 1, 2, 2, 2, 3, 4]
Tickets left: 129

Minute: 30
Customers: [3, 1, 3, 3, 4, 1, 1, 1, 3, 3, 2, 3, 4, 2, 2, 3, 2, 1, 3, 2, 4, 1, 2, 1, 3, 1, 1, 3, 4, 3, 1, 2, 2, 2, 3, 4, 3, 2, 2]
Tickets left: 125

Minute: 31
Customers: [1, 3, 3, 4, 1, 1, 1, 3, 3, 2, 3, 4, 2, 2, 3, 2, 1, 3, 2, 4, 1, 2, 1, 3, 1, 1, 3, 4, 3, 1, 2, 2, 2, 3, 4, 3, 2, 2, 2, 2]
Tickets left: 122

Minute: 32
Customers: [3, 3, 4, 1, 1, 1, 3, 3, 2, 3, 4, 2, 2, 3, 2, 1, 3, 2, 4, 1, 2, 1, 3, 1, 1, 3, 4, 3, 1, 2, 2, 2, 3, 4, 3, 2, 2, 2, 2, 4, 3, 4]
Tickets left: 121

Minute: 33
Customers: [3, 4, 1, 1, 1, 3, 3, 2, 3, 4, 2, 2, 3, 2, 1, 3, 2, 4, 1, 2, 1, 3, 1, 1, 3, 4, 3, 1, 2, 2, 2, 3, 4, 3, 2, 2, 2, 2, 4, 3, 4, 1, 4, 2]
Tickets left: 118

Minute: 34
Customers: [4, 1, 1, 1, 3, 3, 2, 3, 4, 2, 2, 3, 2, 1, 3, 2, 4, 1, 2, 1, 3, 1, 1, 3, 4, 3, 1, 2, 2, 2, 3, 4, 3, 2, 2, 2, 2, 4, 3, 4, 1, 4, 2, 4, 2]
Tickets left: 115

Minute: 35
Customers: [1, 1, 1, 3, 3, 2, 3, 4, 2, 2, 3, 2, 1, 3, 2, 4, 1, 2, 1, 3, 1, 1, 3, 4, 3, 1, 2, 2, 2, 3, 4, 3, 2, 2, 2, 2, 4, 3, 4, 1, 4, 2, 4, 2, 4, 2, 1]
Tickets left: 111

Minute: 36
Customers: [1, 1, 3, 3, 2, 3, 4, 2, 2, 3, 2, 1, 3, 2, 4, 1, 2, 1, 3, 1, 1, 3, 4, 3, 1, 2, 2, 2, 3, 4, 3, 2, 2, 2, 2, 4, 3, 4, 1, 4, 2, 4, 2, 4, 2, 1, 3, 2, 2]
Tickets left: 110

Minute: 37
Customers: [1, 3, 3, 2, 3, 4, 2, 2, 3, 2, 1, 3, 2, 4, 1, 2, 1, 3, 1, 1, 3, 4, 3, 1, 2, 2, 2, 3, 4, 3, 2, 2, 2, 2, 4, 3, 4, 1, 4, 2, 4, 2, 4, 2, 1, 3, 2, 2, 1, 2]
Tickets left: 109

Minute: 38
Customers: [3, 3, 2, 3, 4, 2, 2, 3, 2, 1, 3, 2, 4, 1, 2, 1, 3, 1, 1, 3, 4, 3, 1, 2, 2, 2, 3, 4, 3, 2, 2, 2, 2, 4, 3, 4, 1, 4, 2, 4, 2, 4, 2, 1, 3, 2, 2, 1, 2, 3, 3]
Tickets left: 108

Minute: 39
Customers: [3, 2, 3, 4, 2, 2, 3, 2, 1, 3, 2, 4, 1, 2, 1, 3, 1, 1, 3, 4, 3, 1, 2, 2, 2, 3, 4, 3, 2, 2, 2, 2, 4, 3, 4, 1, 4, 2, 4, 2, 4, 2, 1, 3, 2, 2, 1, 2, 3, 3, 4, 1]
Tickets left: 105

Minute: 40
Customers: [2, 3, 4, 2, 2, 3, 2, 1, 3, 2, 4, 1, 2, 1, 3, 1, 1, 3, 4, 3, 1, 2, 2, 2, 3, 4, 3, 2, 2, 2, 2, 4, 3, 4, 1, 4, 2, 4, 2, 4, 2, 1, 3, 2, 2, 1, 2, 3, 3, 4, 1, 2, 2]
Tickets left: 102

Minute: 41
Customers: [3, 4, 2, 2, 3, 2, 1, 3, 2, 4, 1, 2, 1, 3, 1, 1, 3, 4, 3, 1, 2, 2, 2, 3, 4, 3, 2, 2, 2, 2, 4, 3, 4, 1, 4, 2, 4, 2, 4, 2, 1, 3, 2, 2, 1, 2, 3, 3, 4, 1, 2, 2, 1, 4]
Tickets left: 100

Minute: 42
Customers: [4, 2, 2, 3, 2, 1, 3, 2, 4, 1, 2, 1, 3, 1, 1, 3, 4, 3, 1, 2, 2, 2, 3, 4, 3, 2, 2, 2, 2, 4, 3, 4, 1, 4, 2, 4, 2, 4, 2, 1, 3, 2, 2, 1, 2, 3, 3, 4, 1, 2, 2, 1, 4, 3, 2]
Tickets left: 97

Minute: 43
Customers: [2, 2, 3, 2, 1, 3, 2, 4, 1, 2, 1, 3, 1, 1, 3, 4, 3, 1, 2, 2, 2, 3, 4, 3, 2, 2, 2, 2, 4, 3, 4, 1, 4, 2, 4, 2, 4, 2, 1, 3, 2, 2, 1, 2, 3, 3, 4, 1, 2, 2, 1, 4, 3, 2, 2, 2]
Tickets left: 93

Minute: 44
Customers: [2, 3, 2, 1, 3, 2, 4, 1, 2, 1, 3, 1, 1, 3, 4, 3, 1, 2, 2, 2, 3, 4, 3, 2, 2, 2, 2, 4, 3, 4, 1, 4, 2, 4, 2, 4, 2, 1, 3, 2, 2, 1, 2, 3, 3, 4, 1, 2, 2, 1, 4, 3, 2, 2, 2, 3, 2]
Tickets left: 91

Minute: 45
Customers: [3, 2, 1, 3, 2, 4, 1, 2, 1, 3, 1, 1, 3, 4, 3, 1, 2, 2, 2, 3, 4, 3, 2, 2, 2, 2, 4, 3, 4, 1, 4, 2, 4, 2, 4, 2, 1, 3, 2, 2, 1, 2, 3, 3, 4, 1, 2, 2, 1, 4, 3, 2, 2, 2, 3, 2, 4, 4]
Tickets left: 89

Minute: 46
Customers: [2, 1, 3, 2, 4, 1, 2, 1, 3, 1, 1, 3, 4, 3, 1, 2, 2, 2, 3, 4, 3, 2, 2, 2, 2, 4, 3, 4, 1, 4, 2, 4, 2, 4, 2, 1, 3, 2, 2, 1, 2, 3, 3, 4, 1, 2, 2, 1, 4, 3, 2, 2, 2, 3, 2, 4, 4, 1, 3]
Tickets left: 86

Minute: 47
Customers: [1, 3, 2, 4, 1, 2, 1, 3, 1, 1, 3, 4, 3, 1, 2, 2, 2, 3, 4, 3, 2, 2, 2, 2, 4, 3, 4, 1, 4, 2, 4, 2, 4, 2, 1, 3, 2, 2, 1, 2, 3, 3, 4, 1, 2, 2, 1, 4, 3, 2, 2, 2, 3, 2, 4, 4, 1, 3, 2, 4]
Tickets left: 84

Minute: 48
Customers: [3, 2, 4, 1, 2, 1, 3, 1, 1, 3, 4, 3, 1, 2, 2, 2, 3, 4, 3, 2, 2, 2, 2, 4, 3, 4, 1, 4, 2, 4, 2, 4, 2, 1, 3, 2, 2, 1, 2, 3, 3, 4, 1, 2, 2, 1, 4, 3, 2, 2, 2, 3, 2, 4, 4, 1, 3, 2, 4, 4, 1, 1]
Tickets left: 83

Minute: 49
Customers: [2, 4, 1, 2, 1, 3, 1, 1, 3, 4, 3, 1, 2, 2, 2, 3, 4, 3, 2, 2, 2, 2, 4, 3, 4, 1, 4, 2, 4, 2, 4, 2, 1, 3, 2, 2, 1, 2, 3, 3, 4, 1, 2, 2, 1, 4, 3, 2, 2, 2, 3, 2, 4, 4, 1, 3, 2, 4, 4, 1, 1, 2, 3]
Tickets left: 80

Minute: 50
Customers: [4, 1, 2, 1, 3, 1, 1, 3, 4, 3, 1, 2, 2, 2, 3, 4, 3, 2, 2, 2, 2, 4, 3, 4, 1, 4, 2, 4, 2, 4, 2, 1, 3, 2, 2, 1, 2, 3, 3, 4, 1, 2, 2, 1, 4, 3, 2, 2, 2, 3, 2, 4, 4, 1, 3, 2, 4, 4, 1, 1, 2, 3, 1, 1]
Tickets left: 78

Minute: 51
Customers: [1, 2, 1, 3, 1, 1, 3, 4, 3, 1, 2, 2, 2, 3, 4, 3, 2, 2, 2, 2, 4, 3, 4, 1, 4, 2, 4, 2, 4, 2, 1, 3, 2, 2, 1, 2, 3, 3, 4, 1, 2, 2, 1, 4, 3, 2, 2, 2, 3, 2, 4, 4, 1, 3, 2, 4, 4, 1, 1, 2, 3, 1, 1, 4, 4]
Tickets left: 74

Minute: 52
Customers: [2, 1, 3, 1, 1, 3, 4, 3, 1, 2, 2, 2, 3, 4, 3, 2, 2, 2, 2, 4, 3, 4, 1, 4, 2, 4, 2, 4, 2, 1, 3, 2, 2, 1, 2, 3, 3, 4, 1, 2, 2, 1, 4, 3, 2, 2, 2, 3, 2, 4, 4, 1, 3, 2, 4, 4, 1, 1, 2, 3, 1, 1, 4, 4, 3, 2]
Tickets left: 73

Minute: 53
Customers: [1, 3, 1, 1, 3, 4, 3, 1, 2, 2, 2, 3, 4, 3, 2, 2, 2, 2, 4, 3, 4, 1, 4, 2, 4, 2, 4, 2, 1, 3, 2, 2, 1, 2, 3, 3, 4, 1, 2, 2, 1, 4, 3, 2, 2, 2, 3, 2, 4, 4, 1, 3, 2, 4, 4, 1, 1, 2, 3, 1, 1, 4, 4, 3, 2, 2, 3]
Tickets left: 71

Minute: 54
Customers: [3, 1, 1, 3, 4, 3, 1, 2, 2, 2, 3, 4, 3, 2, 2, 2, 2, 4, 3, 4, 1, 4, 2, 4, 2, 4, 2, 1, 3, 2, 2, 1, 2, 3, 3, 4, 1, 2, 2, 1, 4, 3, 2, 2, 2, 3, 2, 4, 4, 1, 3, 2, 4, 4, 1, 1, 2, 3, 1, 1, 4, 4, 3, 2, 2, 3, 4, 4]
Tickets left: 70

Minute: 55
Customers: [1, 1, 3, 4, 3, 1, 2, 2, 2, 3, 4, 3, 2, 2, 2, 2, 4, 3, 4, 1, 4, 2, 4, 2, 4, 2, 1, 3, 2, 2, 1, 2, 3, 3, 4, 1, 2, 2, 1, 4, 3, 2, 2, 2, 3, 2, 4, 4, 1, 3, 2, 4, 4, 1, 1, 2, 3, 1, 1, 4, 4, 3, 2, 2, 3, 4, 4, 1, 3, 4]
Tickets left: 67

Minute: 56
Customers: [1, 3, 4, 3, 1, 2, 2, 2, 3, 4, 3, 2, 2, 2, 2, 4, 3, 4, 1, 4, 2, 4, 2, 4, 2, 1, 3, 2, 2, 1, 2, 3, 3, 4, 1, 2, 2, 1, 4, 3, 2, 2, 2, 3, 2, 4, 4, 1, 3, 2, 4, 4, 1, 1, 2, 3, 1, 1, 4, 4, 3, 2, 2, 3, 4, 4, 1, 3, 4, 3, 1]
Tickets left: 66

Minute: 57
Customers: [3, 4, 3, 1, 2, 2, 2, 3, 4, 3, 2, 2, 2, 2, 4, 3, 4, 1, 4, 2, 4, 2, 4, 2, 1, 3, 2, 2, 1, 2, 3, 3, 4, 1, 2, 2, 1, 4, 3, 2, 2, 2, 3, 2, 4, 4, 1, 3, 2, 4, 4, 1, 1, 2, 3, 1, 1, 4, 4, 3, 2, 2, 3, 4, 4, 1, 3, 4, 3, 1, 3, 4]
Tickets left: 65

Minute: 58
Customers: [4, 3, 1, 2, 2, 2, 3, 4, 3, 2, 2, 2, 2, 4, 3, 4, 1, 4, 2, 4, 2, 4, 2, 1, 3, 2, 2, 1, 2, 3, 3, 4, 1, 2, 2, 1, 4, 3, 2, 2, 2, 3, 2, 4, 4, 1, 3, 2, 4, 4, 1, 1, 2, 3, 1, 1, 4, 4, 3, 2, 2, 3, 4, 4, 1, 3, 4, 3, 1, 3, 4, 3, 3]
Tickets left: 62

Minute: 59
Customers: [3, 1, 2, 2, 2, 3, 4, 3, 2, 2, 2, 2, 4, 3, 4, 1, 4, 2, 4, 2, 4, 2, 1, 3, 2, 2, 1, 2, 3, 3, 4, 1, 2, 2, 1, 4, 3, 2, 2, 2, 3, 2, 4, 4, 1, 3, 2, 4, 4, 1, 1, 2, 3, 1, 1, 4, 4, 3, 2, 2, 3, 4, 4, 1, 3, 4, 3, 1, 3, 4, 3, 3, 4, 3]
Tickets left: 58

Minute: 60
Customers: [1, 2, 2, 2, 3, 4, 3, 2, 2, 2, 2, 4, 3, 4, 1, 4, 2, 4, 2, 4, 2, 1, 3, 2, 2, 1, 2, 3, 3, 4, 1, 2, 2, 1, 4, 3, 2, 2, 2, 3, 2, 4, 4, 1, 3, 2, 4, 4, 1, 1, 2, 3, 1, 1, 4, 4, 3, 2, 2, 3, 4, 4, 1, 3, 4, 3, 1, 3, 4, 3, 3, 4, 3, 3, 3]
Tickets left: 55

Minute: 61
Customers: [2, 2, 2, 3, 4, 3, 2, 2, 2, 2, 4, 3, 4, 1, 4, 2, 4, 2, 4, 2, 1, 3, 2, 2, 1, 2, 3, 3, 4, 1, 2, 2, 1, 4, 3, 2, 2, 2, 3, 2, 4, 4, 1, 3, 2, 4, 4, 1, 1, 2, 3, 1, 1, 4, 4, 3, 2, 2, 3, 4, 4, 1, 3, 4, 3, 1, 3, 4, 3, 3, 4, 3, 3, 3, 2, 1, 1]
Tickets left: 54

Minute: 62
Customers: [2, 2, 3, 4, 3, 2, 2, 2, 2, 4, 3, 4, 1, 4, 2, 4, 2, 4, 2, 1, 3, 2, 2, 1, 2, 3, 3, 4, 1, 2, 2, 1, 4, 3, 2, 2, 2, 3, 2, 4, 4, 1, 3, 2, 4, 4, 1, 1, 2, 3, 1, 1, 4, 4, 3, 2, 2, 3, 4, 4, 1, 3, 4, 3, 1, 3, 4, 3, 3, 4, 3, 3, 3, 2, 1, 1, 1, 2, 4]
Tickets left: 52

Minute: 63
Customers: [2, 3, 4, 3, 2, 2, 2, 2, 4, 3, 4, 1, 4, 2, 4, 2, 4, 2, 1, 3, 2, 2, 1, 2, 3, 3, 4, 1, 2, 2, 1, 4, 3, 2, 2, 2, 3, 2, 4, 4, 1, 3, 2, 4, 4, 1, 1, 2, 3, 1, 1, 4, 4, 3, 2, 2, 3, 4, 4, 1, 3, 4, 3, 1, 3, 4, 3, 3, 4, 3, 3, 3, 2, 1, 1, 1, 2, 4, 2, 4, 3]
Tickets left: 50

Minute: 64
Customers: [3, 4, 3, 2, 2, 2, 2, 4, 3, 4, 1, 4, 2, 4, 2, 4, 2, 1, 3, 2, 2, 1, 2, 3, 3, 4, 1, 2, 2, 1, 4, 3, 2, 2, 2, 3, 2, 4, 4, 1, 3, 2, 4, 4, 1, 1, 2, 3, 1, 1, 4, 4, 3, 2, 2, 3, 4, 4, 1, 3, 4, 3, 1, 3, 4, 3, 3, 4, 3, 3, 3, 2, 1, 1, 1, 2, 4, 2, 4, 3, 3, 1]
Tickets left: 48

Minute: 65
Customers: [4, 3, 2, 2, 2, 2, 4, 3, 4, 1, 4, 2, 4, 2, 4, 2, 1, 3, 2, 2, 1, 2, 3, 3, 4, 1, 2, 2, 1, 4, 3, 2, 2, 2, 3, 2, 4, 4, 1, 3, 2, 4, 4, 1, 1, 2, 3, 1, 1, 4, 4, 3, 2, 2, 3, 4, 4, 1, 3, 4, 3, 1, 3, 4, 3, 3, 4, 3, 3, 3, 2, 1, 1, 1, 2, 4, 2, 4, 3, 3, 1, 2, 1, 4]
Tickets left: 45

Minute: 66
Customers: [3, 2, 2, 2, 2, 4, 3, 4, 1, 4, 2, 4, 2, 4, 2, 1, 3, 2, 2, 1, 2, 3, 3, 4, 1, 2, 2, 1, 4, 3, 2, 2, 2, 3, 2, 4, 4, 1, 3, 2, 4, 4, 1, 1, 2, 3, 1, 1, 4, 4, 3, 2, 2, 3, 4, 4, 1, 3, 4, 3, 1, 3, 4, 3, 3, 4, 3, 3, 3, 2, 1, 1, 1, 2, 4, 2, 4, 3, 3, 1, 2, 1, 4, 1, 2]
Tickets left: 41

Minute: 67
Customers: [2, 2, 2, 2, 4, 3, 4, 1, 4, 2, 4, 2, 4, 2, 1, 3, 2, 2, 1, 2, 3, 3, 4, 1, 2, 2, 1, 4, 3, 2, 2, 2, 3, 2, 4, 4, 1, 3, 2, 4, 4, 1, 1, 2, 3, 1, 1, 4, 4, 3, 2, 2, 3, 4, 4, 1, 3, 4, 3, 1, 3, 4, 3, 3, 4, 3, 3, 3, 2, 1, 1, 1, 2, 4, 2, 4, 3, 3, 1, 2, 1, 4, 1, 2, 1, 2]
Tickets left: 38

Minute: 68
Customers: [2, 2, 2, 4, 3, 4, 1, 4, 2, 4, 2, 4, 2, 1, 3, 2, 2, 1, 2, 3, 3, 4, 1, 2, 2, 1, 4, 3, 2, 2, 2, 3, 2, 4, 4, 1, 3, 2, 4, 4, 1, 1, 2, 3, 1, 1, 4, 4, 3, 2, 2, 3, 4, 4, 1, 3, 4, 3, 1, 3, 4, 3, 3, 4, 3, 3, 3, 2, 1, 1, 1, 2, 4, 2, 4, 3, 3, 1, 2, 1, 4, 1, 2, 1, 2, 3, 3]
Tickets left: 36

Minute: 69
Customers: [2, 2, 4, 3, 4, 1, 4, 2, 4, 2, 4, 2, 1, 3, 2, 2, 1, 2, 3, 3, 4, 1, 2, 2, 1, 4, 3, 2, 2, 2, 3, 2, 4, 4, 1, 3, 2, 4, 4, 1, 1, 2, 3, 1, 1, 4, 4, 3, 2, 2, 3, 4, 4, 1, 3, 4, 3, 1, 3, 4, 3, 3, 4, 3, 3, 3, 2, 1, 1, 1, 2, 4, 2, 4, 3, 3, 1, 2, 1, 4, 1, 2, 1, 2, 3, 3, 4, 1]
Tickets left: 34

Minute: 70
Customers: [2, 4, 3, 4, 1, 4, 2, 4, 2, 4, 2, 1, 3, 2, 2, 1, 2, 3, 3, 4, 1, 2, 2, 1, 4, 3, 2, 2, 2, 3, 2, 4, 4, 1, 3, 2, 4, 4, 1, 1, 2, 3, 1, 1, 4, 4, 3, 2, 2, 3, 4, 4, 1, 3, 4, 3, 1, 3, 4, 3, 3, 4, 3, 3, 3, 2, 1, 1, 1, 2, 4, 2, 4, 3, 3, 1, 2, 1, 4, 1, 2, 1, 2, 3, 3, 4, 1, 1, 1]
Tickets left: 32

Minute: 71
Customers: [4, 3, 4, 1, 4, 2, 4, 2, 4, 2, 1, 3, 2, 2, 1, 2, 3, 3, 4, 1, 2, 2, 1, 4, 3, 2, 2, 2, 3, 2, 4, 4, 1, 3, 2, 4, 4, 1, 1, 2, 3, 1, 1, 4, 4, 3, 2, 2, 3, 4, 4, 1, 3, 4, 3, 1, 3, 4, 3, 3, 4, 3, 3, 3, 2, 1, 1, 1, 2, 4, 2, 4, 3, 3, 1, 2, 1, 4, 1, 2, 1, 2, 3, 3, 4, 1, 1, 1, 3, 2]
Tickets left: 30

Minute: 72
Customers: [3, 4, 1, 4, 2, 4, 2, 4, 2, 1, 3, 2, 2, 1, 2, 3, 3, 4, 1, 2, 2, 1, 4, 3, 2, 2, 2, 3, 2, 4, 4, 1, 3, 2, 4, 4, 1, 1, 2, 3, 1, 1, 4, 4, 3, 2, 2, 3, 4, 4, 1, 3, 4, 3, 1, 3, 4, 3, 3, 4, 3, 3, 3, 2, 1, 1, 1, 2, 4, 2, 4, 3, 3, 1, 2, 1, 4, 1, 2, 1, 2, 3, 3, 4, 1, 1, 1, 3, 2, 3, 1]
Tickets left: 26

Minute: 73
Customers: [4, 1, 4, 2, 4, 2, 4, 2, 1, 3, 2, 2, 1, 2, 3, 3, 4, 1, 2, 2, 1, 4, 3, 2, 2, 2, 3, 2, 4, 4, 1, 3, 2, 4, 4, 1, 1, 2, 3, 1, 1, 4, 4, 3, 2, 2, 3, 4, 4, 1, 3, 4, 3, 1, 3, 4, 3, 3, 4, 3, 3, 3, 2, 1, 1, 1, 2, 4, 2, 4, 3, 3, 1, 2, 1, 4, 1, 2, 1, 2, 3, 3, 4, 1, 1, 1, 3, 2, 3, 1, 2, 1, 4]
Tickets left: 23

Minute: 74
Customers: [1, 4, 2, 4, 2, 4, 2, 1, 3, 2, 2, 1, 2, 3, 3, 4, 1, 2, 2, 1, 4, 3, 2, 2, 2, 3, 2, 4, 4, 1, 3, 2, 4, 4, 1, 1, 2, 3, 1, 1, 4, 4, 3, 2, 2, 3, 4, 4, 1, 3, 4, 3, 1, 3, 4, 3, 3, 4, 3, 3, 3, 2, 1, 1, 1, 2, 4, 2, 4, 3, 3, 1, 2, 1, 4, 1, 2, 1, 2, 3, 3, 4, 1, 1, 1, 3, 2, 3, 1, 2, 1, 4, 2, 2]
Tickets left: 19

Minute: 75
Customers: [4, 2, 4, 2, 4, 2, 1, 3, 2, 2, 1, 2, 3, 3, 4, 1, 2, 2, 1, 4, 3, 2, 2, 2, 3, 2, 4, 4, 1, 3, 2, 4, 4, 1, 1, 2, 3, 1, 1, 4, 4, 3, 2, 2, 3, 4, 4, 1, 3, 4, 3, 1, 3, 4, 3, 3, 4, 3, 3, 3, 2, 1, 1, 1, 2, 4, 2, 4, 3, 3, 1, 2, 1, 4, 1, 2, 1, 2, 3, 3, 4, 1, 1, 1, 3, 2, 3, 1, 2, 1, 4, 2, 2, 4, 3]
Tickets left: 18

Minute: 76
Customers: [2, 4, 2, 4, 2, 1, 3, 2, 2, 1, 2, 3, 3, 4, 1, 2, 2, 1, 4, 3, 2, 2, 2, 3, 2, 4, 4, 1, 3, 2, 4, 4, 1, 1, 2, 3, 1, 1, 4, 4, 3, 2, 2, 3, 4, 4, 1, 3, 4, 3, 1, 3, 4, 3, 3, 4, 3, 3, 3, 2, 1, 1, 1, 2, 4, 2, 4, 3, 3, 1, 2, 1, 4, 1, 2, 1, 2, 3, 3, 4, 1, 1, 1, 3, 2, 3, 1, 2, 1, 4, 2, 2, 4, 3, 1, 1, 4]
Tickets left: 14

Minute: 77
Customers: [4, 2, 4, 2, 1, 3, 2, 2, 1, 2, 3, 3, 4, 1, 2, 2, 1, 4, 3, 2, 2, 2, 3, 2, 4, 4, 1, 3, 2, 4, 4, 1, 1, 2, 3, 1, 1, 4, 4, 3, 2, 2, 3, 4, 4, 1, 3, 4, 3, 1, 3, 4, 3, 3, 4, 3, 3, 3, 2, 1, 1, 1, 2, 4, 2, 4, 3, 3, 1, 2, 1, 4, 1, 2, 1, 2, 3, 3, 4, 1, 1, 1, 3, 2, 3, 1, 2, 1, 4, 2, 2, 4, 3, 1, 1, 4, 1, 1]
Tickets left: 12

Minute: 78
Customers: [2, 4, 2, 1, 3, 2, 2, 1, 2, 3, 3, 4, 1, 2, 2, 1, 4, 3, 2, 2, 2, 3, 2, 4, 4, 1, 3, 2, 4, 4, 1, 1, 2, 3, 1, 1, 4, 4, 3, 2, 2, 3, 4, 4, 1, 3, 4, 3, 1, 3, 4, 3, 3, 4, 3, 3, 3, 2, 1, 1, 1, 2, 4, 2, 4, 3, 3, 1, 2, 1, 4, 1, 2, 1, 2, 3, 3, 4, 1, 1, 1, 3, 2, 3, 1, 2, 1, 4, 2, 2, 4, 3, 1, 1, 4, 1, 1, 2, 3, 3]
Tickets left: 8

Minute: 79
Customers: [4, 2, 1, 3, 2, 2, 1, 2, 3, 3, 4, 1, 2, 2, 1, 4, 3, 2, 2, 2, 3, 2, 4, 4, 1, 3, 2, 4, 4, 1, 1, 2, 3, 1, 1, 4, 4, 3, 2, 2, 3, 4, 4, 1, 3, 4, 3, 1, 3, 4, 3, 3, 4, 3, 3, 3, 2, 1, 1, 1, 2, 4, 2, 4, 3, 3, 1, 2, 1, 4, 1, 2, 1, 2, 3, 3, 4, 1, 1, 1, 3, 2, 3, 1, 2, 1, 4, 2, 2, 4, 3, 1, 1, 4, 1, 1, 2, 3, 3, 2, 1]
Tickets left: 6

Minute: 80
Customers: [2, 1, 3, 2, 2, 1, 2, 3, 3, 4, 1, 2, 2, 1, 4, 3, 2, 2, 2, 3, 2, 4, 4, 1, 3, 2, 4, 4, 1, 1, 2, 3, 1, 1, 4, 4, 3, 2, 2, 3, 4, 4, 1, 3, 4, 3, 1, 3, 4, 3, 3, 4, 3, 3, 3, 2, 1, 1, 1, 2, 4, 2, 4, 3, 3, 1, 2, 1, 4, 1, 2, 1, 2, 3, 3, 4, 1, 1, 1, 3, 2, 3, 1, 2, 1, 4, 2, 2, 4, 3, 1, 1, 4, 1, 1, 2, 3, 3, 2, 1, 3, 4]
Tickets left: 2

Minute: 81
Customers: [1, 3, 2, 2, 1, 2, 3, 3, 4, 1, 2, 2, 1, 4, 3, 2, 2, 2, 3, 2, 4, 4, 1, 3, 2, 4, 4, 1, 1, 2, 3, 1, 1, 4, 4, 3, 2, 2, 3, 4, 4, 1, 3, 4, 3, 1, 3, 4, 3, 3, 4, 3, 3, 3, 2, 1, 1, 1, 2, 4, 2, 4, 3, 3, 1, 2, 1, 4, 1, 2, 1, 2, 3, 3, 4, 1, 1, 1, 3, 2, 3, 1, 2, 1, 4, 2, 2, 4, 3, 1, 1, 4, 1, 1, 2, 3, 3, 2, 1, 3, 4, 2, 3]
Tickets left: 0

It took 81 minutes to sell all the tickets
Customers without tickets: 2
